hal_patch2580_vert = [54.494	45.979	38.588	61.91	38.692	37.034	53.847	37.426	54.024	37.666
61.497	55.338	47.167	51.472	48.4	41.16	49.759	45.207	49.119	42.53
74.177	67.162	56.894	50.623	58.959	51.713	51.533	45.008	49.601	49.178
81.495	74.097	69.701	57.711	63.592	62.225	53.021	53.364	54.542	53.638
76.561	87.292	76.461	69.305	82.314	70.102	60.256	64.752	59.052	56.706
79.633	77.782	86.852	78.636	79.46	82.315	70.087	71.06	62.343	64.44];



hal_patch2580_hor = [51.348	45.1	36.916	60.289	37.556	33.538	60.401	36.708	58.818	38.314
63.961	59.063	47.074	50.828	47.78	40.339	52.619	49.752	55.216	44.017
75.858	69.052	59.784	49.06	59.188	51.533	53.526	44.822	49.945	49.571
77.614	75.832	73.001	57.508	70.055	61.972	50.99	53.312	55.294	59.312
70.739	68.793	85.333	65.65	70.453	72.96	59.263	66.4	59.691	55.727
71.476	79.921	69.21	90.81	77.348	74.802	77.46	78.615	63.225	65.234];



hal_patch858_vert = [42.277	43.488	43.121	58.908	43.704	44.046	56.077	39.084	55.808	39.135
53.974	54.915	49.625	56.213	55.453	51.034	54.017	46.48	52.062	45.505
66.23	64.093	61.147	56.316	64.509	60.174	54.25	55.827	52.635	50.324
76.166	74.749	73.778	62.375	75.811	73.468	62.113	63.962	57.074	56.574
83.521	80.858	78.148	69.345	77.405	78.188	67.004	80.136	63.711	60.511
81.343	82.315	80.216	77.109	82.781	76.781	75.489	76.977	77.061	66.745];



hal_patch858_hor = [46.416	44.645	43.13	70.415	42.964	42.679	64.98	41.121	58.869	41.136
57.73	54.847	49.191	54.611	51.518	48.018	60.829	44.871	55.349	47.246
68.023	65.236	61.234	56.39	62.141	58.226	55.991	53.029	57.464	53.812
76.164	74.768	70.927	59.763	76.828	70.733	57.8	67.292	57.063	61.314
96.851	89.666	79.696	70.372	86.043	77.153	66.231	80.229	60.923	61.617
79.232	75.459	74.116	94.461	76.789	75.074	78.538	76.688	72.136	67.681];




hal_mono858_hor = [38.093	38.082	37.057	54.239	37.939	33.23	51.617	31.654	56.236	32.702
62.178	50.927	43.583	53.245	51.878	41.95	52.218	36.749	45.025	40.292
65.661	60.456	53.383	51.635	60.832	51.828	47.906	44.553	47.556	47.833
71.529	71.471	64.911	55.509	71.223	60.085	53.753	58.992	52.452	57.43
89.286	89.046	72.477	73.963	85.074	70.863	69.437	63.457	60.153	57.299
93.363	85.186	74.626	77.178	85.136	70.852	73.862	74.294	62.142	65.763];



hal_mono858_vert = [36.184	39.559	38.974	44.542	36.453	36.682	44.429	33.43	40.762	36.2
54.247	50.825	46.085	42.473	45.127	45.586	44.047	38.598	43.922	41.984
74.728	60.063	56.977	49.952	52.941	58.005	50.77	44.113	52.384	48.999
59.109	57.681	64.591	56.55	71.201	61.849	53.92	54.17	50.431	48.677
63.419	70.731	63.148	60.801	65.826	66.488	60.01	65.786	55.286	56.556
66.028	66.319	65.992	66.196	63.964	69.917	62.176	73.057	76.499	61.563];


hal_mono2580_hor = [67.836	56.166	47.46	72.469	48.123	44.425	64.605	41.37	63.296	42.257
73.067	72.972	53.676	61.481	55.412	47.541	58.809	48.482	55.565	48.819
80.455	72.065	64.846	62.696	67.851	59.961	64.071	49.646	64.783	56.262
86.223	78.57	74.892	75.533	82.25	68.462	66.485	56.373	63.126	64.077
81.56	83.373	81.431	76.913	78.139	78.73	69.666	75.534	68.418	68.246
95.226	86.821	85.33	82.728	80.612	85.117	87.882	73.041	67.695	68.565];



hal_mono2580_vert =[68.136	55.373	46.607	50.117	46.203	38.597	52.234	44.376	52.498	42.569
60.239	64.689	61.168	51.714	53.355	47.803	51.603	65.511	53.308	48.251
63.5	65.923	66.906	54.875	77.792	60.081	56.785	48.416	57.845	53.17
62.464	87.008	73.242	70.819	74.002	68.567	56.57	58.804	55.785	59.373
65.547	79.906	68.357	83.982	70.025	71.032	68.798	76.457	61.886	60.222
76.522	80.92	76.49	72.815	87.873	71.836	68.488	78.552	72.123	66.156];




hal_demo_vert  =[48.832	48.9432	48.7208	73.6296	51.9456	50.3888	75.7424	49.7212	64.5112	46.8296
61.8424	60.0632	59.8408	68.7368	59.1736	57.728	59.952	56.616	61.8424	54.8366
73.296	72.5176	68.6256	62.176	73.0736	68.9592	62.176	65.7344	62.176	61.0638
81.4136	80.1904	81.636	69.1816	79.968	82.5256	69.8488	73.296	67.18	66.9583
91.1992	89.0864	81.9696	76.076	84.1936	79.8568	76.7432	79.8568	75.4084	75.742
87.0848	89.5312	83.6376	86.7512	86.5288	83.5264	86.084	91.3104	86.3064	83.0818];



hal_demo_hor =[29.3088	30.7544	22.748	27.752	29.976	22.5256	27.6408	23.0816	27.752	24.972
32.756	34.98	28.0856	29.5312	35.7584	28.308	27.196	25.1944	30.0872	27.196
36.7592	37.76	34.8688	31.088	39.8728	33.5344	30.1984	29.42	34.3128	30.7544
38.316	37.8712	36.648	32.756	38.316	45.3216	32.5336	33.4232	33.6456	35.6472
44.432	43.876	43.32	39.6504	45.6552	40.2064	38.2048	42.3192	34.98	34.5352
43.32	45.3216	40.8736	46.2112	41.7632	36.7592	47.9904	43.0976	39.5392	40.9848];

